# Hydrograph at the point with coordinates: -713000.413155 -1060563.49078
# A pixel size is [m2]:
# 100.0
# time[s];deltaTime[s];rainfall[m];totalWaterLevel[m];surfaceFlow[m3/s];surfaceVolRunoff[m3]{}
30.0;30.0;0.0;0.0;0.0;0.0;
30.0;30.0;0.0;0.0;0.0;0.0;
60.0;30.0;0.0;0.0;0.0;0.0;
90.0;30.0;0.000840000003576;0.0;0.0;0.0;
120.0;30.0;0.000840000003576;0.0;0.0;0.0;
150.0;30.0;0.000840000003576;0.0;0.0;0.0;
180.0;30.0;0.000840000003576;0.0;0.0;0.0;
210.0;30.0;0.000840000003576;0.0;0.0;0.0;
240.0;30.0;0.000840000003576;0.0;0.0;0.0;
270.0;30.0;0.000840000003576;0.000649842317214;0.0;0.0;
296.7904;26.7904;0.000750131203194;0.00123421068424;0.000107315905428;0.00287503603279;
322.6963;25.9059;0.000725365203088;0.00180227342366;0.000338860621187;0.0087784893664;
348.5983;25.902;0.000725256003088;0.0023724756516;0.000667981368193;0.0173020533989;
374.4338;25.8355;0.00072339400308;0.00294256642411;0.00109333926914;0.0282469666877;
400.2609;25.8271;0.000723158803079;0.00351282982207;0.00160841322307;0.0415406491537;
424.8473;24.5864;0.000688419202931;0.00405492192089;0.00220951095714;0.0543239201965;
447.8359;22.9886;0.00064368080274;0.00456023786588;0.00285768538381;0.0656941862142;
469.5736;21.7377;0.000608655602591;0.00503623139077;0.00352728764817;0.0766751207095;
485.5215;15.9479;0.000446541201901;0.00538394807538;0.00421434625337;0.0672099726141;
493.9283;8.4068;0.000235390401002;0.00556669397099;0.0047501146072;0.0399332634798;
501.5926;7.6643;0.000214600400914;0.00573314583967;0.00504300078424;0.0386510709106;
508.7913;7.1987;0.000201563600858;0.00588938431205;0.00531649274764;0.0382718363424;
515.6721;6.8808;0.00019266240082;0.00603865615239;0.00557899637726;0.0383879582726;
522.2542;6.5821;0.000184298800785;0.00618140585338;0.00583500566868;0.0384065908118;
528.5384;6.2842;0.000175957600749;0.00631767202845;0.00608456737713;0.0382366383114;
534.5263;5.9879;0.000167661200714;0.00644750496524;0.00632709495845;0.0378860119017;
540.2524;5.7261;0.000160330800683;0.0065716635835;0.00656206289948;0.0375750283687;
545.7629;5.5105;0.000154294000657;0.00669115647102;0.0067902976154;0.0374179350097;
551.0945;5.3316;0.000149284800636;0.00680678313095;0.00701320718493;0.0373916154272;
556.2719;5.1774;0.000144967200617;0.00691908049527;0.00723192933993;0.0374425909645;
561.3134;5.0415;0.000141162000601;0.00702844484316;0.00744719148003;0.0375450158466;
566.2367;4.9233;0.000137852400587;0.00713525795103;0.00765950992541;0.0377100652157;
571.0554;4.8187;0.000134923600574;0.00723981135335;0.00786941850218;0.0379203669364;
575.7541;4.6987;0.00013156360056;0.00734176597612;0.00807731257848;0.0379528686125;
580.2838;4.5297;0.00012683160054;0.00744005243658;0.00828234384867;0.0375165329313;
584.6906;4.4068;0.000123390400525;0.00753566506712;0.00848214647476;0.037379123085;
588.9688;4.2782;0.00011978960051;0.00762847356727;0.00867853141341;0.0371284930929;
593.165;4.1962;0.0001174936005;0.00771948229839;0.00887105505335;0.0372247212149;
597.3064;4.1414;0.000115959200494;0.007809273755;0.00906165658534;0.0375279445825;
601.4088;4.1024;0.000114867200489;0.00789818212068;0.00925146222827;0.0379531986452;
605.4813;4.0725;0.000114030000485;0.0079863952642;0.00944111309102;0.0384489330632;
609.5295;4.0482;0.000113349600483;0.00807402418846;0.0096309605716;0.0389880545859;
613.5569;4.0274;0.00011276720048;0.00816113342829;0.00982120333622;0.0395539143163;
617.5656;4.0087;0.000112243600478;0.00824775627388;0.0100119466648;0.0401348905954;
621.5571;3.9915;0.000111762000476;0.00833391213828;0.0102032317329;0.0407261994618;
625.5321;3.975;0.000111300000474;0.00841960229423;0.0103950714762;0.0413204091177;
629.4911;3.959;0.000110852000472;0.0085048229036;0.0105874396664;0.0419156736394;
633.3965;3.9054;0.000109351200466;0.00858875038209;0.0107802988456;0.0421013791115;
637.2495;3.853;0.000107884000459;0.00867139896986;0.0109717344093;0.042274092679;
641.055;3.8055;0.000106554000454;0.00875286228556;0.0111617073137;0.0424758771822;
644.8172;3.7622;0.000105341600448;0.00883321848868;0.0113503653705;0.042702344597;
648.5396;3.7224;0.000104227200444;0.00891253034859;0.0115378278407;0.0429484103541;
652.2255;3.6859;0.000103205200439;0.00899085597424;0.0117241840409;0.0432141699565;
655.8777;3.6522;0.000102261600435;0.00906824244184;0.011909517346;0.0434959392511;
659.4985;3.6208;0.000101382400432;0.00914472588445;0.012093889415;0.0437895547937;
663.09;3.5915;0.000100562000428;0.00922033792635;0.0122773393835;0.0440940643959;
666.6537;3.5637;9.97836004248e-05;0.00929509732368;0.0124598984759;0.0444033401986;
670.191;3.5373;9.90444004217e-05;0.00936902061876;0.0126415691916;0.0447170227016;
673.7029;3.5119;9.83332004187e-05;0.00944211592518;0.012822350383;0.04503081231;
677.1903;3.4874;9.76472004157e-05;0.00951438931502;0.0130022217026;0.0453439479656;
680.6539;3.4636;9.69808004129e-05;0.00958584280881;0.013181158796;0.045654261606;
684.0943;3.4404;9.63312004101e-05;0.00965647653667;0.0133591281084;0.0459607443442;
687.5119;3.4176;9.56928004074e-05;0.00972628676274;0.0135360920019;0.0462609480256;
690.9071;3.3952;9.50656004047e-05;0.00979527007634;0.0137120036186;0.0465549946858;
694.2803;3.3732;9.44496004021e-05;0.00986342341685;0.0138868172516;0.0468430119529;
697.6319;3.3516;9.38448003995e-05;0.00993074409593;0.0140604884334;0.0471251330333;
700.9621;3.3302;9.3245600397e-05;0.00999722582363;0.0142329740193;0.047398650079;
704.2712;3.3091;9.26548003945e-05;0.0100628648046;0.0144042219503;0.0476650108556;
707.5594;3.2882;9.2069600392e-05;0.0101276557536;0.0145741868384;0.0479228411619;
710.8271;3.2677;9.14956003895e-05;0.010191597851;0.0147428197426;0.0481751120729;
714.0745;3.2474;9.09272003871e-05;0.0102546868469;0.0149100836918;0.0484190057808;
717.3019;3.2274;9.03672003847e-05;0.0103169209974;0.0150759331705;0.0486560667146;
720.5096;3.2077;8.98156003824e-05;0.0103782990885;0.0152403296183;0.0488864053166;
723.6978;3.1882;8.92696003801e-05;0.0104388185419;0.0154032363315;0.0491085980721;
726.8667;3.1689;8.87292003778e-05;0.010498477378;0.0155646134338;0.0493227035103;
730.0165;3.1498;8.81944003755e-05;0.0105572742197;0.0157244230626;0.0495287877627;
733.1471;3.1306;8.76568003732e-05;0.0106152027405;0.0158826294153;0.0497221596475;
736.2583;3.1112;8.71136003709e-05;0.0106722555802;0.0160391837482;0.0499011084775;
739.3499;3.0916;8.65648003685e-05;0.0107284262516;0.0161940347412;0.050065477806;
742.4215;3.0716;8.60048003662e-05;0.0107837055446;0.0163471336547;0.0502118557338;
745.4729;3.0514;8.54392003638e-05;0.0108380888321;0.0164984245282;0.0503432926054;
748.5037;3.0308;8.48624003613e-05;0.0108915688354;0.0166478641553;0.0504563466819;
751.5138;3.0101;8.42828003588e-05;0.010944144532;0.0167954023481;0.050555840608;
754.5032;2.9894;8.37032003564e-05;0.0109958174203;0.0169410065182;0.0506434448856;
757.4722;2.969;8.31320003539e-05;0.0110465948349;0.0170846516107;0.0507243306321;
760.4212;2.949;8.25720003515e-05;0.0110964862674;0.0172263294973;0.0508004456875;
763.3509;2.9297;8.20316003492e-05;0.0111455065952;0.0173660389409;0.0508772842852;
766.2622;2.9113;8.15164003471e-05;0.0111936741199;0.0175037947757;0.0509587977304;
769.1561;2.8939;8.1029200345e-05;0.0112410087132;0.0176396226041;0.0510473038541;
772.0336;2.8775;8.0570000343e-05;0.011287530074;0.0177735536747;0.0511434006989;
774.8957;2.8621;8.01388003412e-05;0.0113332576978;0.017905619964;0.0512476748991;
777.7435;2.8478;7.97384003395e-05;0.0113782124269;0.0180358540459;0.051362505152;
780.5779;2.8344;7.93632003379e-05;0.0114224116487;0.0181642934826;0.051484873447;
783.3999;2.822;7.90160003364e-05;0.0114658740831;0.018290967067;0.0516171090631;
786.2103;2.8104;7.8691200335e-05;0.0115086151007;0.018415908423;0.051756069032;
789.0098;2.7995;7.83860003337e-05;0.0115506483955;0.018539142512;0.0519003294623;
791.7991;2.7893;7.81004003325e-05;0.0115919875454;0.0186606903096;0.0520502634805;
794.5787;2.7796;7.78288003314e-05;0.0116326430686;0.0187805732431;0.0522024813865;
797.3492;2.7705;7.75740003303e-05;0.011672626932;0.0188988045935;0.0523591381263;
800.1109;2.7617;7.73276003292e-05;0.0117119467422;0.019015402518;0.052514837134;
802.8643;2.7534;7.70952003282e-05;0.0117506130458;0.0191303730839;0.0526735692491;
805.6097;2.7454;7.68712003273e-05;0.0117886335808;0.0192437315129;0.0528317404956;
808.3474;2.7377;7.66556003264e-05;0.0118260161883;0.0193554853621;0.0529895122757;
811.0776;2.7302;7.64456003255e-05;0.011862767454;0.0194656429969;0.0531450985101;
813.8006;2.723;7.62440003246e-05;0.0118988954456;0.019574209564;0.0533005726428;
816.5165;2.7159;7.60452003238e-05;0.0119344056809;0.0196811950529;0.0534521576441;
819.2255;2.709;7.58520003229e-05;0.0119693051737;0.0197866023551;0.0536019057801;
821.9278;2.7023;7.56644003221e-05;0.0120036010555;0.0198904392174;0.0537499338972;
824.6235;2.6957;7.54796003214e-05;0.0120372993137;0.0199927141705;0.0538943595894;
827.3128;2.6893;7.53004003206e-05;0.0120704073378;0.0200934327471;0.0540372686868;
829.9957;2.6829;7.51212003198e-05;0.0121029301748;0.0201926050698;0.0541747401418;
832.6724;2.6767;7.49476003191e-05;0.0121348754812;0.0202902346371;0.0543108710531;
835.343;2.6706;7.47768003184e-05;0.0121662497985;0.0203863331512;0.0544437413137;
838.0076;2.6646;7.46088003176e-05;0.0121970597919;0.0204809093533;0.0545734310628;
840.6662;2.6586;7.44408003169e-05;0.012227311101;0.0205739727258;0.0546979638887;
843.3189;2.6527;7.42756003162e-05;0.0122570106601;0.0206655300063;0.0548194514477;
845.9624;2.6435;7.40180003151e-05;0.0122861280356;0.0207555921919;0.0548674079593;
848.5971;2.6347;7.37716003141e-05;0.012314675415;0.0208440569944;0.0549178369632;
851.2233;2.6262;7.35336003131e-05;0.0123426637421;0.0209309514844;0.0549688647884;
853.8413;2.618;7.33040003121e-05;0.0123701038483;0.0210162994146;0.0550206718675;
856.4514;2.6101;7.30828003111e-05;0.0123970064445;0.0211001246278;0.055073435291;
859.0537;2.6023;7.28644003102e-05;0.0124233800876;0.0211824510192;0.0551230922874;
861.6485;2.5948;7.26544003093e-05;0.0124492353316;0.0212632962817;0.0551740011918;
864.236;2.5875;7.24500003085e-05;0.0124745816109;0.0213426845955;0.0552241963909;
866.8163;2.5803;7.22484003076e-05;0.0124994273182;0.0214206370747;0.055271669844;
869.3896;2.5733;7.20524003068e-05;0.0125237817747;0.021497171971;0.055318672633;
871.9559;2.5663;7.18564003059e-05;0.0125476523495;0.0215723107197;0.0553610209999;
874.5154;2.5595;7.16660003051e-05;0.0125710482724;0.021646069047;0.0554031137258;
877.0681;2.5527;7.14756003043e-05;0.0125939768728;0.0217184687232;0.0554407351096;
879.6141;2.546;7.12880003035e-05;0.0126164463802;0.0217895259323;0.0554761330237;
882.1534;2.5393;7.11004003027e-05;0.0126384641046;0.0218592599196;0.0555072187138;
884.6862;2.5328;7.09184003019e-05;0.0126600390626;0.0219276873434;0.0555384465034;
887.2125;2.5263;7.07364003012e-05;0.0126811784725;0.0219948304292;0.0555655401132;
889.7324;2.5199;7.05572003004e-05;0.0127018903659;0.0220607060656;0.0555907732146;
892.2459;2.5135;7.03780002996e-05;0.0127221818931;0.0221253339161;0.0556120267981;
894.7531;2.5072;7.02016002989e-05;0.0127420609773;0.0221887311305;0.0556315866904;
897.2541;2.501;7.00280002981e-05;0.0127615354584;0.0222509174987;0.0556495446641;
899.749;2.4949;6.98572002974e-05;0.0127806130903;0.0223119127768;0.0556659911869;
902.2379;2.4889;6.96892002967e-05;0.012799301537;0.0223717366689;0.0556810153952;
904.7208;2.4829;6.9521200296e-05;0.0128176076326;0.0224304088084;0.0556924620304;
907.1978;2.477;6.93560002953e-05;0.012835538894;0.0224879464226;0.0557026432887;
909.6691;2.4713;6.91964002946e-05;0.0128531034501;0.0225443690738;0.055713899292;
912.1347;2.4656;6.90368002939e-05;0.0128703078817;0.0225996984447;0.0557218164852;
914.5947;2.46;6.88800002933e-05;0.0128871594046;0.0226539515255;0.0557287207528;
917.0492;2.4545;6.87260002926e-05;0.0129036651308;0.0227071474791;0.0557346934876;
919.4982;2.449;6.85720002919e-05;0.0129198314067;0.0227593053098;0.0557375387038;
921.9419;2.4437;6.84236002913e-05;0.0129356658174;0.0228104417631;0.0557418765364;
924.3803;2.4384;6.82752002907e-05;0.0129511745193;0.0228605776572;0.0557432325594;
926.8136;2.4333;6.81324002901e-05;0.012966364857;0.0229097294411;0.055746244649;
929.2418;2.4282;6.79896002895e-05;0.0129812427934;0.0229579174721;0.0557464152057;
931.665;2.4232;6.78496002889e-05;0.0129958148296;0.0230051578668;0.0557460985428;
934.0833;2.4183;6.77124002883e-05;0.0130100873569;0.0230514685809;0.0557453664691;
936.4967;2.4134;6.75752002877e-05;0.0130240660768;0.0230968673496;0.0557419796615;
938.9054;2.4087;6.74436002871e-05;0.0130377577614;0.0231413698372;0.0557406175269;
941.3094;2.404;6.73120002866e-05;0.0130511679135;0.0231849952337;0.0557367285418;
943.7088;2.3994;6.7183200286e-05;0.0130643025157;0.0232277588014;0.0557326844681;
946.1037;2.3949;6.70572002855e-05;0.013077167441;0.0232696774399;0.0557285505008;
948.4942;2.3905;6.6934000285e-05;0.0130897684528;0.023310767804;0.0557243904355;
950.8804;2.3862;6.68136002845e-05;0.0131021112059;0.0233510463014;0.0557202666843;
953.2623;2.3819;6.66932002839e-05;0.0131142007398;0.0233905290901;0.0557139012396;
955.64;2.3777;6.65756002834e-05;0.0131260425232;0.0234292304513;0.0557076812441;
958.0136;2.3736;6.6460800283e-05;0.013137641918;0.023467166128;0.0557016655214;
960.3832;2.3696;6.63488002825e-05;0.0131490041801;0.0235043516069;0.0556959115677;
962.7488;2.3656;6.6236800282e-05;0.0131601339901;0.0235408021183;0.0556881214911;
965.1105;2.3617;6.61276002815e-05;0.0131710364219;0.0235765311247;0.0556806935573;
967.4684;2.3579;6.60212002811e-05;0.0131817164464;0.0236115534259;0.055673681823;
969.8225;2.3541;6.59148002806e-05;0.0131921784878;0.0236458835632;0.0556647744962;
972.1729;2.3504;6.58112002802e-05;0.0132024273391;0.0236795343899;0.0556563776301;
974.5197;2.3468;6.57104002798e-05;0.0132124676935;0.0237125200114;0.0556485419628;
976.8629;2.3432;6.56096002793e-05;0.013222303725;0.0237448542754;0.0556389425382;
979.2026;2.3397;6.55116002789e-05;0.0132319399543;0.0237765494201;0.0556299926782;
981.5389;2.3363;6.54164002785e-05;0.0132413808051;0.023807618857;0.0556217399357;
983.8718;2.3329;6.53212002781e-05;0.0132506302093;0.0238380757433;0.0556118469016;
986.2013;2.3295;6.52260002777e-05;0.0132596920353;0.0238679317031;0.0556003469024;
988.5275;2.3262;6.51336002773e-05;0.0132685704695;0.0238971982043;0.0555896624629;
990.8505;2.323;6.50440002769e-05;0.013277269606;0.0239258877917;0.05557983734;
993.1703;2.3198;6.49544002765e-05;0.013285793081;0.0239540127603;0.0555685188014;
995.487;2.3167;6.48676002762e-05;0.0132941448301;0.02398158397;0.0555581355833;
997.8006;2.3136;6.47808002758e-05;0.0133023283468;0.0240086132918;0.0555463277119;
1000.1112;2.3106;6.46968002754e-05;0.0133103474121;0.0240351112084;0.055535527958;
1002.4188;2.3076;6.46128002751e-05;0.0133182053806;0.0240610891725;0.0555233693745;
1004.7235;2.3047;6.45316002747e-05;0.0133259058831;0.0240865572947;0.0555122885972;
1007.0254;2.3019;6.44532002744e-05;0.0133334524672;0.0241115266163;0.0555023231181;
1009.3244;2.299;6.43720002741e-05;0.0133408479557;0.0241360079456;0.055488682267;
1011.6207;2.2963;6.42964002737e-05;0.0133480960872;0.0241600097721;0.0554786304397;
1013.9142;2.2935;6.42180002734e-05;0.0133551995676;0.0241835435898;0.0554649572233;
1016.205;2.2908;6.41424002731e-05;0.0133621616803;0.0242066175712;0.055452519532;
1018.4932;2.2882;6.40696002728e-05;0.0133689856319;0.0242292417927;0.05544135107;
1020.7787;2.2855;6.39940002725e-05;0.0133756739681;0.0242514261106;0.0554266343758;
1023.0616;2.2829;6.39212002721e-05;0.0133822297797;0.02427317826;0.0554132386497;
1025.342;2.2804;6.38512002718e-05;0.0133886560839;0.0242945077728;0.055401195525;
1027.6199;2.2779;6.37812002715e-05;0.0133949555499;0.0243154239687;0.0553881042583;
1029.8953;2.2754;6.37112002712e-05;0.0134011307974;0.024335935058;0.055373986631;
1032.1682;2.2729;6.3641200271e-05;0.0134071843972;0.0243560491125;0.0553588640279;
1034.4387;2.2705;6.35740002707e-05;0.0134131191335;0.0243757740665;0.0553451950181;
1036.7068;2.2681;6.35068002704e-05;0.0134189374667;0.0243951185704;0.0553305684295;
1038.9726;2.2658;6.34424002701e-05;0.0134246420626;0.0244140902397;0.0553174456652;
1041.2361;2.2635;6.33780002698e-05;0.0134302352751;0.0244326973794;0.0553034105182;
1043.4973;2.2612;6.33136002696e-05;0.0134357194136;0.024450947296;0.0552884820257;
1045.7562;2.2589;6.32492002693e-05;0.0134410967432;0.0244688471677;0.055272678867;
1048.0129;2.2567;6.3187600269e-05;0.0134463697193;0.0244864040451;0.0552584680085;
1050.2673;2.2544;6.31232002687e-05;0.013451540278;0.0245036256165;0.0552409735897;
1052.5196;2.2523;6.30644002685e-05;0.0134566110063;0.0245205178901;0.0552275624438;
1054.7697;2.2501;6.30028002682e-05;0.0134615837532;0.0245370890155;0.0552109039937;
1057.0177;2.248;6.2944000268e-05;0.0134664607777;0.0245533447444;0.0551959189855;
1059.2636;2.2459;6.28852002677e-05;0.0134712440697;0.0245692921833;0.0551801733144;
1061.5074;2.2438;6.28264002675e-05;0.0134759355802;0.0245849375719;0.0551636829239;
1063.7492;2.2418;6.27704002672e-05;0.0134805374275;0.0246002870355;0.0551489234761;
1065.9889;2.2397;6.2711600267e-05;0.0134850512733;0.0246153472575;0.0551309932526;
1068.2266;2.2377;6.26556002668e-05;0.0134894791537;0.0246301234408;0.0551148272235;
1070.4624;2.2358;6.26024002665e-05;0.0134938230534;0.024644622023;0.055100445919;
1072.6962;2.2338;6.25464002663e-05;0.013498084526;0.0246588492858;0.0550829375346;
1074.9281;2.2319;6.24932002661e-05;0.0135022654789;0.0246728101083;0.0550672448806;
1077.1581;2.23;6.24400002658e-05;0.0135063675875;0.0246865105387;0.0550509185014;
1079.3862;2.2281;6.23868002656e-05;0.0135103924938;0.024699955875;0.055033971685;
1081.6124;2.2262;6.23336002654e-05;0.0135143418068;0.0247131513137;0.0550164174547;
1083.8368;2.2244;6.22832002652e-05;0.0135182172774;0.0247261019524;0.0550007411829;
1086.0594;2.2226;6.2232800265e-05;0.013522020441;0.0247388133621;0.0549844865787;
1088.2802;2.2208;6.21824002647e-05;0.0135257528021;0.0247512904155;0.0549676657547;
1090.4992;2.219;6.21320002645e-05;0.0135294158347;0.0247635378908;0.0549502905798;
1092.7165;2.2173;6.20844002643e-05;0.0135330111452;0.0247755604742;0.0549348502394;
1094.932;2.2155;6.20340002641e-05;0.0135365399804;0.0247873632931;0.0549164033758;
1097.1458;2.2138;6.19864002639e-05;0.013540003883;0.0247989503012;0.0548999161767;
1099.3579;2.2121;6.19388002637e-05;0.0135434042024;0.02481032643;0.0548829230957;
1101.5684;2.2105;6.18940002635e-05;0.0135467424119;0.024821495983;0.0548679168704;
1103.7773;2.2089;6.18492002633e-05;0.0135500197983;0.0248324636758;0.0548524290134;
1105.9845;2.2072;6.18016002631e-05;0.0135532374766;0.0248432336183;0.0548339852423;
1108.1901;2.2056;6.17568002629e-05;0.0135563968328;0.0248538093603;0.054817561925;
1110.3942;2.2041;6.17148002627e-05;0.0135594992173;0.0248641953476;0.0548031729656;
1112.5967;2.2025;6.16700002626e-05;0.0135625456692;0.0248743959146;0.0547858570018;
1114.7977;2.201;6.16280002624e-05;0.0135655374851;0.0248844143764;0.0547705960425;
1116.9972;2.1995;6.15860002622e-05;0.0135684757946;0.0248942549;0.0547549136525;
1119.1952;2.198;6.1544000262e-05;0.013571361704;0.0249039211072;0.0547388185936;
1121.3917;2.1965;6.15020002618e-05;0.013574196297;0.024913416548;0.0547223194478;
1123.5867;2.195;6.14600002617e-05;0.0135769806349;0.0249227447016;0.0547054246201;
1125.7803;2.1936;6.14208002615e-05;0.0135797158818;0.0249319089774;0.0546906355327;
1127.9725;2.1922;6.13816002613e-05;0.0135824030493;0.0249409131271;0.0546754697572;
1130.1633;2.1908;6.13424002612e-05;0.0135850431279;0.0249497604039;0.0546599350929;
1132.3527;2.1894;6.1303200261e-05;0.0135876370878;0.0249584539956;0.0546440391779;
1134.5407;2.188;6.12640002608e-05;0.0135901858791;0.0249669970258;0.0546277894925;
1136.7273;2.1866;6.12248002607e-05;0.0135926904322;0.0249753925554;0.0546111933617;
1138.9126;2.1853;6.11884002605e-05;0.013595151771;0.0249836435833;0.0545967563226;
1141.0965;2.1839;6.11492002603e-05;0.013597570671;0.0249917534192;0.0545794902923;
1143.2791;2.1826;6.11128002602e-05;0.013599948115;0.024999724558;0.0545643988204;
1145.4604;2.1813;6.107640026e-05;0.0136022849531;0.0250075601796;0.0545489910198;
1147.6404;2.18;6.10400002599e-05;0.0136045820176;0.0250152630294;0.054533273404;
1149.8191;2.1787;6.10036002597e-05;0.0136068401236;0.0250228357969;0.0545172523508;
1151.9965;2.1774;6.09672002596e-05;0.0136090600694;0.0250302811173;0.0545009341048;
1154.1726;2.1761;6.09308002594e-05;0.0136112426363;0.0250376015718;0.0544843247805;
1156.3474;2.1748;6.08944002593e-05;0.0136133885895;0.0250447996892;0.0544674303641;
1158.521;2.1736;6.08608002591e-05;0.0136154987754;0.0250518779464;0.0544527619043;
1160.6933;2.1723;6.0824400259e-05;0.0136175738273;0.0250588390904;0.0544353161561;
1162.8644;2.1711;6.07908002588e-05;0.0136196145575;0.0250656851668;0.0544201090657;
1165.0342;2.1698;6.07544002587e-05;0.0136216215719;0.0250724188143;0.0544021343433;
1167.2028;2.1686;6.07208002585e-05;0.0136235956504;0.0250790419927;0.0543864104653;
1169.3702;2.1674;6.06872002584e-05;0.0136255374626;0.0250855572362;0.0543704367537;
1171.5363;2.1661;6.06508002582e-05;0.013627447576;0.0250919667181;0.0543517091082;
1173.7012;2.1649;6.06172002581e-05;0.0136293267236;0.0250982722757;0.0543352496498;
1175.8649;2.1637;6.05836002579e-05;0.0136311755339;0.0251044762945;0.0543185553583;
1178.0274;2.1625;6.05500002578e-05;0.0136329946222;0.025110580816;0.0543016310146;
1180.1887;2.1613;6.05164002576e-05;0.013634784591;0.0251165878401;0.0542844812987;
1182.3487;2.16;6.04800002575e-05;0.0136365459483;0.025122499325;0.054264598542;
1184.5075;2.1588;6.04464002573e-05;0.0136382793556;0.0251283169191;0.054247010565;
1186.6651;2.1576;6.04128002572e-05;0.0136399853781;0.0251340427786;0.0542292106992;
1188.8216;2.1565;6.03820002571e-05;0.013641664647;0.0251396787427;0.0542137172087;
1190.9769;2.1553;6.03484002569e-05;0.0136433176236;0.0251452268701;0.0541955074732;
1193.131;2.1541;6.03148002568e-05;0.0136449448383;0.0251506886593;0.0541770984409;
1195.2839;2.1529;6.02812002566e-05;0.01364654681;0.0251560658375;0.0541584941415;
1197.4357;2.1518;6.02504002565e-05;0.0136481241205;0.0251613600962;0.0541422146551;
1199.5863;2.1506;6.02168002564e-05;0.0136496771915;0.0251665733346;0.0541232326133;
1201.7358;2.1495;6.01860002562e-05;0.0136512065813;0.0251717069246;0.0541065840343;
1203.8842;2.1484;6.01552002561e-05;0.0136527127635;0.0251767626901;0.0540897569634;
1206.0315;2.1473;6.0124400256e-05;0.0136541962018;0.0251817421761;0.0540727549748;
1208.1777;2.1462;6.00936002558e-05;0.0136556573501;0.0251866468956;0.0540555815673;
1210.3228;2.1451;6.00628002557e-05;0.0136570966527;0.02519147833;0.0540382401658;
1212.4668;2.144;6.00320002556e-05;0.0136585145448;0.0251962379302;0.0540207341224;
1214.6098;2.143;6.00040002555e-05;0.0136599115174;0.0252009271169;0.0540055868115;
1216.7517;2.1419;5.99732002553e-05;0.0136612879204;0.0252055474972;0.0539877621842;
1218.8926;2.1409;5.99452002552e-05;0.0136626442255;0.0252101002112;0.0539723035421;
1221.0325;2.1399;5.99172002551e-05;0.0136639808295;0.025214586803;0.0539566942998;
1223.1714;2.1389;5.9889200255e-05;0.0136652981212;0.0252190085702;0.0539409374308;
1225.3094;2.138;5.98640002549e-05;0.0136665965419;0.0252233667834;0.053927558183;
1227.4464;2.137;5.98360002548e-05;0.0136678764016;0.0252276628884;0.0539115155925;
1229.5825;2.1361;5.98108002546e-05;0.0136691381242;0.0252318978969;0.0538978570976;
1231.7177;2.1352;5.97856002545e-05;0.0136703820646;0.0252360731983;0.0538840634931;
1233.852;2.1343;5.97604002544e-05;0.01367160857;0.0252401899534;0.0538701374176;
1235.9854;2.1334;5.97352002543e-05;0.0136728179805;0.0252442492992;0.0538560814548;
1238.1179;2.1325;5.97100002542e-05;0.0136740106293;0.025248252349;0.0538418981341;
1240.2496;2.1317;5.96876002541e-05;0.0136751868976;0.0252522001933;0.0538301151521;
1242.3804;2.1308;5.9662400254e-05;0.013676347048;0.0252560940833;0.0538156852726;
1244.5104;2.13;5.96400002539e-05;0.013677491447;0.0252599348769;0.0538036612878;
1246.6396;2.1292;5.96176002538e-05;0.0136786203986;0.025263723777;0.0537915206661;
1248.768;2.1284;5.95952002537e-05;0.0136797342008;0.02526746178;0.0537792656526;
1250.8956;2.1276;5.95728002536e-05;0.0136808331449;0.0252711498618;0.0537668984459;
1253.0225;2.1269;5.95532002535e-05;0.0136819175677;0.0252747889783;0.0537569486779;
1255.1486;2.1261;5.95308002535e-05;0.0136829876965;0.025278380235;0.0537443642176;
1257.274;2.1254;5.95112002534e-05;0.0136840438548;0.0252819243755;0.0537342020677;
1259.3987;2.1247;5.94916002533e-05;0.0136850863091;0.025285422463;0.0537239371072;
1261.5226;2.1239;5.94692002532e-05;0.0136861152716;0.0252888753713;0.0537110424012;
1263.6458;2.1232;5.94496002531e-05;0.0136871310475;0.0252922837954;0.0537005769545;
1265.7683;2.1225;5.9430000253e-05;0.0136881338871;0.0252956487385;0.0536900144474;
1267.8901;2.1218;5.94104002529e-05;0.0136891240354;0.0252989710217;0.0536793567138;
1270.0113;2.1212;5.93936002529e-05;0.0136901017785;0.0253022514493;0.0536711357743;
1272.1318;2.1205;5.93740002528e-05;0.0136910673043;0.0253054909625;0.053660293586;
1274.2516;2.1198;5.93544002527e-05;0.0136920208429;0.0253086901763;0.0536493614357;
1276.3708;2.1192;5.93376002526e-05;0.0136929626645;0.0253118498469;0.0536408721955;
1278.4893;2.1185;5.93180002525e-05;0.0136938929442;0.0253149708626;0.0536297657725;
1280.6072;2.1179;5.93012002525e-05;0.013694811942;0.0253180537981;0.053621106139;
1282.7245;2.1173;5.92844002524e-05;0.0136957198683;0.0253210995084;0.0536123639891;
1284.8412;2.1167;5.92676002523e-05;0.0136966169291;0.0253241086848;0.0536035408531;
1286.9573;2.1161;5.92508002523e-05;0.0136975033264;0.0253270820047;0.0535946382301;
1289.0728;2.1155;5.92340002522e-05;0.0136983792578;0.0253300201316;0.0535856575884;
1291.1877;2.1149;5.92172002521e-05;0.0136992449172;0.0253329237157;0.0535766003663;
1293.302;2.1143;5.9200400252e-05;0.0137001004942;0.0253357933939;0.0535674679727;
1295.4157;2.1137;5.9183600252e-05;0.0137009461749;0.0253386297903;0.0535582617877;
1297.5288;2.1131;5.91668002519e-05;0.0137017821412;0.0253414335162;0.053548983163;
1299.6414;2.1126;5.91528002518e-05;0.0137026086109;0.0253442051706;0.0535421678434;
1301.7534;2.112;5.91360002518e-05;0.0137034257185;0.0253469454703;0.0535327488334;
1303.8649;2.1115;5.91220002517e-05;0.0137042336737;0.0253496548576;0.0535257962318;
1305.9758;2.1109;5.91052002516e-05;0.013705032605;0.0253523340228;0.0535162418888;
1308.0862;2.1104;5.90912002516e-05;0.0137058227144;0.0253549833882;0.0535091569424;
1310.1961;2.1099;5.90772002515e-05;0.0137066041615;0.0253576036189;0.0535020078755;
1312.3054;2.1093;5.90604002514e-05;0.0137073770662;0.025360195241;0.0534922598219;
1314.4142;2.1088;5.90464002514e-05;0.0137081416195;0.025362758648;0.053484985437;
1316.5225;2.1083;5.90324002513e-05;0.0137088979716;0.0253652944694;0.0534776503298;
1318.6303;2.1078;5.90184002513e-05;0.0137096462698;0.0253678031998;0.0534702555846;
1320.7376;2.1073;5.90044002512e-05;0.0137103866582;0.0253702853242;0.0534628022638;
1322.8445;2.1069;5.89932002512e-05;0.0137111193133;0.0253727413177;0.0534578286823;
1324.9509;2.1064;5.89792002511e-05;0.0137118443378;0.0253751717616;0.0534502617986;
1327.0568;2.1059;5.8965200251e-05;0.0137125618675;0.025377576994;0.0534426393916;
1329.1622;2.1054;5.8951200251e-05;0.0137132720355;0.0253799574621;0.0534349624407;
1331.2672;2.105;5.89400002509e-05;0.0137139750056;0.0253823136041;0.0534297701367;
1333.3717;2.1045;5.89260002509e-05;0.0137146708712;0.0253846459606;0.0534219874241;
1335.4758;2.1041;5.89148002508e-05;0.0137153597905;0.025386954839;0.0534166916767;
1337.5794;2.1036;5.89008002508e-05;0.0137160418525;0.0253892407606;0.0534088068641;
1339.6826;2.1032;5.88896002507e-05;0.0137167172096;0.0253915040187;0.0534034112522;
1341.7854;2.1028;5.88784002507e-05;0.0137173859787;0.0253937451163;0.0533979672305;
1343.8878;2.1024;5.88672002506e-05;0.0137180482744;0.0253959644385;0.0533924756355;
1345.9898;2.102;5.88560002506e-05;0.0137187042088;0.0253981623628;0.0533869372867;
1348.0913;2.1015;5.88420002505e-05;0.013719353861;0.0254003392594;0.0533788129536;
1350.1924;2.1011;5.88308002505e-05;0.0137199973704;0.0254024953879;0.0533731830596;
1352.2931;2.1007;5.88196002504e-05;0.0137206348425;0.0254046312088;0.0533675087802;
1354.3934;2.1003;5.88084002504e-05;0.013721266381;0.0254067470703;0.0533617908718;
1356.4934;2.1;5.88000002503e-05;0.0137218921172;0.0254088433141;0.0533585709595;
1358.593;2.0996;5.87888002503e-05;0.0137225121203;0.025410920374;0.0533527684172;
1360.6922;2.0992;5.87776002502e-05;0.0137231264876;0.0254129784772;0.0533469244193;
1362.791;2.0988;5.87664002502e-05;0.0137237353149;0.0254150179454;0.0533410396639;
1364.8895;2.0985;5.87580002502e-05;0.0137243387245;0.025417039094;0.0533376565387;
1366.9876;2.0981;5.87468002501e-05;0.0137249367791;0.0254190423277;0.0533316927077;
1369.0853;2.0977;5.87356002501e-05;0.0137255295687;0.0254210278522;0.0533256901255;
1371.1827;2.0974;5.872720025e-05;0.0137261172095;0.0254229959645;0.053322191736;
1373.2797;2.097;5.871600025e-05;0.0137266997596;0.0254249470492;0.0533161139623;
1375.3764;2.0967;5.87076002499e-05;0.0137272773313;0.0254268812969;0.0533125420153;
1377.4728;2.0964;5.86992002499e-05;0.0137278500072;0.0254287990793;0.0533089343898;
1379.5688;2.096;5.86880002499e-05;0.0137284178408;0.0254307006684;0.0533027486009;
1381.6645;2.0957;5.86796002498e-05;0.0137289809391;0.0254325862408;0.0532990709848;
1383.7599;2.0954;5.86712002498e-05;0.0137295393798;0.0254344561498;0.0532953594163;
1385.855;2.0951;5.86628002498e-05;0.013730093239;0.025436310652;0.053291614447;
1387.9497;2.0947;5.86516002497e-05;0.013730642565;0.0254381499987;0.0532852928023;
1390.0441;2.0944;5.86432002497e-05;0.0137311874579;0.0254399743492;0.053281482277;
1392.1382;2.0941;5.86348002496e-05;0.0137317279894;0.025441784034;0.0532776399456;
1394.232;2.0938;5.86264002496e-05;0.0137322642299;0.0254435792902;0.0532737663177;
1396.3255;2.0935;5.86180002496e-05;0.0137327962484;0.0254453603501;0.0532698618929;
1398.4187;2.0932;5.86096002495e-05;0.0137333241127;0.0254471274417;0.0532659271609;
1400.5116;2.0929;5.86012002495e-05;0.013733847889;0.0254488807885;0.0532619626023;
1402.6042;2.0926;5.85928002495e-05;0.0137343676425;0.0254506206097;0.0532579686879;
1404.6966;2.0924;5.85872002494e-05;0.0137348834617;0.0254523471203;0.0532564911145;
1406.7887;2.0921;5.85788002494e-05;0.0137353953841;0.0254540606132;0.0532524402088;
1408.8805;2.0918;5.85704002494e-05;0.013735903471;0.0254557612116;0.0532483613025;
1410.972;2.0915;5.85620002493e-05;0.0137364077827;0.0254574491185;0.0532442548313;
1413.0633;2.0913;5.85564002493e-05;0.0137369084022;0.0254591245326;0.0532426671349;
1415.1543;2.091;5.85480002493e-05;0.0137374053629;0.0254607877287;0.0532385071407;
1417.245;2.0907;5.85396002492e-05;0.0137378987218;0.0254624388172;0.053234320835;
1419.3355;2.0905;5.85340002492e-05;0.013738388558;0.0254640779856;0.053232655029;
1421.4257;2.0902;5.85256002492e-05;0.0137388749023;0.0254657054962;0.0532284176282;
1423.5156;2.0899;5.85172002491e-05;0.0137393578083;0.0254673214502;0.0532241550988;
1425.6053;2.0897;5.85116002491e-05;0.0137398373514;0.0254689260246;0.0532224147137;
1427.6947;2.0894;5.85032002491e-05;0.0137403135601;0.0254705194697;0.05321810338;
1429.7839;2.0892;5.84976002491e-05;0.0137407865074;0.0254721018782;0.053216315244;
1431.8729;2.089;5.8492000249e-05;0.0137412562427;0.0254736734927;0.0532145039263;
1433.9616;2.0887;5.8483600249e-05;0.0137417227915;0.0254752344757;0.0532101222494;
1436.0501;2.0885;5.8478000249e-05;0.0137421862241;0.025476784912;0.0532082652887;
1438.1383;2.0882;5.84696002489e-05;0.0137426465646;0.0254783250334;0.0532038383348;
1440.2263;2.088;5.84640002489e-05;0.013743103881;0.0254798549197;0.0532019370724;
1442.3141;2.0878;5.84584002489e-05;0.0137435582178;0.0254813747959;0.0532000142989;
1444.4017;2.0876;5.84528002489e-05;0.013744009619;0.0254828848096;0.0531980703284;
1446.489;2.0873;5.84444002488e-05;0.013744458106;0.0254843851055;0.0531935570307;
1448.5761;2.0871;5.84388002488e-05;0.0137449037426;0.0254858757541;0.0531915712864;
1450.663;2.0869;5.84332002488e-05;0.0137453465704;0.0254873569674;0.0531895652553;
1452.7497;2.0867;5.84276002488e-05;0.0137457866299;0.0254888288822;0.0531875392285;
1454.8362;2.0865;5.84220002487e-05;0.0137462239609;0.0254902916327;0.0531854934916;
1456.9224;2.0862;5.84136002487e-05;0.0137466585817;0.0254917453506;0.0531808791505;
1459.0084;2.086;5.84080002487e-05;0.0137470905517;0.0254931900957;0.0531787945397;
1461.0942;2.0858;5.84024002486e-05;0.0137475199086;0.0254946260652;0.0531766910467;
1463.1798;2.0856;5.83968002486e-05;0.0137479466892;0.0254960533834;0.0531745689364;
1465.2652;2.0854;5.83912002486e-05;0.01374837093;0.0254974721726;0.0531724284687;
1467.3504;2.0852;5.83856002486e-05;0.0137487926664;0.0254988825526;0.0531702698987;
1469.4354;2.085;5.83800002486e-05;0.0137492119333;0.0255002846411;0.0531680934767;
1471.5202;2.0848;5.83744002485e-05;0.013749628765;0.0255016785535;0.0531658994484;
1473.6049;2.0847;5.83716002485e-05;0.0137500432152;0.0255030644032;0.0531662383614;
1475.6894;2.0845;5.83660002485e-05;0.0137504552966;0.0255044423678;0.0531640101156;
1477.7737;2.0843;5.83604002485e-05;0.0137508650416;0.0255058124893;0.0531617649714;
1479.8578;2.0841;5.83548002484e-05;0.013751272482;0.0255071748749;0.0531595031568;
1481.9417;2.0839;5.83492002484e-05;0.0137516776491;0.0255085296299;0.0531572248957;
1484.0254;2.0837;5.83436002484e-05;0.0137520805736;0.0255098768575;0.053154930408;
1486.109;2.0836;5.83408002484e-05;0.0137524813047;0.0255112166591;0.053155171031;
1488.1924;2.0834;5.83352002484e-05;0.0137528798526;0.0255125491985;0.0531528450002;
1490.2756;2.0832;5.83296002483e-05;0.0137532762463;0.0255138745085;0.0531505033761;
1492.3586;2.083;5.83240002483e-05;0.0137536705141;0.025515192685;0.0531481463628;
1494.4415;2.0829;5.83212002483e-05;0.013754062703;0.0255165038222;0.0531483258113;
1496.5242;2.0827;5.83156002483e-05;0.0137544528214;0.0255178080755;0.0531459388789;
1498.6067;2.0825;5.83100002483e-05;0.0137548408961;0.0255191054722;0.0531435371458;
1500.6891;2.0824;5.83072002482e-05;0.0137552269722;0.0255203961014;0.0531436728415;
1502.7713;2.0822;5.83016002482e-05;0.013755611057;0.0255216801126;0.0531412423304;
1504.8533;2.082;5.82960002482e-05;0.0137559931759;0.0255229575292;0.0531387975758;
1506.9352;2.0819;5.82932002482e-05;0.0137563733724;0.0255242284357;0.0531388911803;
1509.0169;2.0817;5.82876002482e-05;0.0137567516525;0.025525492976;0.0531364187281;
1511.0985;2.0816;5.82848002481e-05;0.0137571280585;0.0255267511699;0.0531364852352;
1513.1799;2.0814;5.82792002481e-05;0.0137575025959;0.0255280031578;0.0531339857725;
1515.2612;2.0813;5.82764002481e-05;0.013757875306;0.0255292489572;0.0531340258546;
1517.3423;2.0811;5.82708002481e-05;0.0137582461935;0.0255304887052;0.0531315000443;
1519.4233;2.081;5.82680002481e-05;0.0137586152987;0.025531722417;0.0531315143498;
1521.5041;2.0808;5.82624002481e-05;0.0137589826257;0.0255329502265;0.0531289628313;
1523.5848;2.0807;5.8259600248e-05;0.0137593482139;0.0255341721469;0.0531289519861;
1525.6654;2.0806;5.8256800248e-05;0.0137597120844;0.0255353883088;0.0531289289152;
1527.7458;2.0804;5.8251200248e-05;0.0137600742403;0.0255365987818;0.0531263401056;
1529.8261;2.0803;5.8248400248e-05;0.0137604347197;0.0255378035764;0.0531262927799;
1531.9063;2.0802;5.8245600248e-05;0.0137607935425;0.0255390028185;0.0531262336631;
1533.9863;2.08;5.8240000248e-05;0.0137611507112;0.0255401965743;0.0531236088746;
1536.0662;2.0799;5.82372002479e-05;0.0137615062624;0.0255413848515;0.0531235263526;
1538.146;2.0798;5.82344002479e-05;0.013761860215;0.0255425677716;0.0531234324514;
1540.2256;2.0796;5.82288002479e-05;0.0137622125707;0.0255437453975;0.0531207729286;
1542.3051;2.0795;5.82260002479e-05;0.013762563365;0.0255449177341;0.053120656428;
1544.3845;2.0794;5.82232002479e-05;0.0137629126157;0.0255460848991;0.0531205289392;
1546.4638;2.0793;5.82204002479e-05;0.0137632603407;0.0255472469521;0.0531203905875;
1548.5429;2.0791;5.82148002478e-05;0.0137636065405;0.0255484039515;0.0531176866555;
1550.6219;2.079;5.82120002478e-05;0.013763951249;0.0255495558991;0.0531175267142;
1552.7008;2.0789;5.82092002478e-05;0.0137642944831;0.0255507029076;0.0531173562746;
1554.7796;2.0788;5.82064002478e-05;0.0137646362592;0.0255518450324;0.0531171754533;
1556.8583;2.0787;5.82036002478e-05;0.0137649765935;0.0255529823281;0.0531169843655;
1558.9368;2.0785;5.81980002478e-05;0.0137653154855;0.0255541148484;0.0531142277125;
1561.0152;2.0784;5.81952002478e-05;0.0137656529675;0.0255552425915;0.0531140162022;
1563.0935;2.0783;5.81924002478e-05;0.0137659890548;0.0255563656641;0.0531137947597;
1565.1717;2.0782;5.81896002477e-05;0.0137663237626;0.0255574841172;0.0531135634924;
1567.2498;2.0781;5.81868002477e-05;0.0137666571057;0.0255585980009;0.0531133225056;
1569.3278;2.078;5.81840002477e-05;0.0137669890987;0.0255597073643;0.053113071903;
1571.4057;2.0779;5.81812002477e-05;0.0137673197561;0.0255608122559;0.0531128117866;
1573.4835;2.0778;5.81784002477e-05;0.0137676490919;0.0255619127233;0.0531125422566;
1575.5612;2.0777;5.81756002477e-05;0.0137679771201;0.0255630088133;0.0531122634115;
1577.6388;2.0776;5.81728002477e-05;0.0137683038544;0.025564100572;0.0531119753483;
1579.7162;2.0774;5.81672002476e-05;0.0137686292923;0.0255651880444;0.0531091216435;
1581.7935;2.0773;5.81644002476e-05;0.0137689534631;0.0255662712229;0.0531088152113;
1583.8707;2.0772;5.81616002476e-05;0.0137692763797;0.0255673502039;0.0531084998435;
1585.9478;2.0771;5.81588002476e-05;0.013769598055;0.0255684250304;0.0531081756307;
1588.0248;2.077;5.81560002476e-05;0.0137699185014;0.0255694957448;0.053107842662;
1590.1017;2.0769;5.81532002476e-05;0.0137702377313;0.0255705623888;0.0531075010252;
1592.1786;2.0769;5.81532002476e-05;0.0137705557724;0.0255716250032;0.0531097079691;
1594.2554;2.0768;5.81504002476e-05;0.013770872621;0.0255726836795;0.0531093494656;
1596.3321;2.0767;5.81476002476e-05;0.0137711882889;0.0255737384058;0.0531089825474;
1598.4087;2.0766;5.81448002476e-05;0.0137715027878;0.0255747892211;0.0531086072966;
1600.4852;2.0765;5.81420002475e-05;0.0137718161291;0.0255758361637;0.053108223794;
1602.5616;2.0764;5.81392002475e-05;0.0137721283239;0.0255768792714;0.0531078321192;
1604.6379;2.0763;5.81364002475e-05;0.0137724393832;0.0255779185813;0.0531074323504;
1606.7141;2.0762;5.81336002475e-05;0.0137727493181;0.0255789541299;0.0531070245646;
1608.7902;2.0761;5.81308002475e-05;0.013773058139;0.0255799859532;0.0531066088374;
1610.8662;2.076;5.81280002475e-05;0.0137733658566;0.0255810140865;0.0531061852436;
1612.9421;2.0759;5.81252002475e-05;0.0137736724812;0.0255820385647;0.0531057538564;
1615.0179;2.0758;5.81224002475e-05;0.0137739780229;0.025583059422;0.0531053147481;
1617.0937;2.0758;5.81224002475e-05;0.0137742825066;0.0255840766921;0.0531074263974;
1619.1694;2.0757;5.81196002474e-05;0.0137745859273;0.0255850904572;0.0531069722621;
1621.245;2.0756;5.81168002474e-05;0.0137748882946;0.0255861007007;0.0531065106145;
1623.3205;2.0755;5.81140002474e-05;0.0137751896182;0.0255871074547;0.0531060415223;
1625.3959;2.0754;5.81112002474e-05;0.0137754899074;0.0255881107509;0.0531055650524;
1627.4712;2.0753;5.81084002474e-05;0.0137757891715;0.0255891106203;0.0531050812704;
1629.5465;2.0753;5.81084002474e-05;0.0137760874341;0.0255901070938;0.0531071492517;
1631.6217;2.0752;5.81056002474e-05;0.0137763846897;0.0255911002495;0.0531066512377;
1633.6968;2.0751;5.81028002474e-05;0.013776680947;0.0255920900688;0.0531061461017;
1635.7718;2.075;5.81000002474e-05;0.0137769762148;0.0255930765809;0.0531056339054;
1637.8468;2.075;5.81000002474e-05;0.0137772705159;0.0255940598148;0.0531076741158;
1639.9217;2.0749;5.80972002473e-05;0.0137775638445;0.0255950398463;0.0531071481771;
1641.9965;2.0748;5.80944002473e-05;0.0137778562087;0.0255960166556;0.053106615357;
1644.0712;2.0747;5.80916002473e-05;0.0137781476169;0.0255969902701;0.0531060757134;
1646.1459;2.0747;5.80916002473e-05;0.0137784380912;0.0255979607171;0.0531080890999;
1648.2205;2.0746;5.80888002473e-05;0.0137787276253;0.0255989280702;0.0531075361744;
1650.295;2.0745;5.80860002473e-05;0.0137790162271;0.0255998923084;0.0531069765937;
1652.3694;2.0744;5.80832002473e-05;0.0137793039044;0.0256008534577;0.0531064104127;
1654.4438;2.0744;5.80832002473e-05;0.0137795906785;0.0256018115437;0.0531083978663;
1656.5181;2.0743;5.80804002473e-05;0.0137798765431;0.0256027666378;0.0531078188368;
1658.5923;2.0742;5.80776002473e-05;0.0137801615054;0.0256037187182;0.0531072333653;
1660.6665;2.0742;5.80776002473e-05;0.0137804455866;0.0256046678094;0.0531092019702;
1662.7406;2.0741;5.80748002473e-05;0.0137807287799;0.0256056139812;0.0531086039584;
1664.8146;2.074;5.80720002472e-05;0.0137810110925;0.0256065572113;0.0531079996563;
1666.8886;2.074;5.80720002472e-05;0.0137812925448;0.0256074975231;0.0531099498629;
1668.9625;2.0739;5.80692002472e-05;0.0137815731301;0.0256084349849;0.0531093333153;
1671.0363;2.0738;5.80664002472e-05;0.0137818528551;0.0256093695739;0.0531087106224;
1673.1101;2.0738;5.80664002472e-05;0.01378213174;0.0256103013124;0.0531106428617;
1675.1838;2.0737;5.80636002472e-05;0.0137824097777;0.0256112302675;0.0531100082057;
1677.2574;2.0736;5.80608002472e-05;0.0137826869748;0.0256121564156;0.0531093675434;
1679.331;2.0736;5.80608002472e-05;0.013782963351;0.0256130797782;0.0531112822281;
1681.4045;2.0735;5.80580002472e-05;0.0137832388992;0.0256140004211;0.0531106298731;
1683.478;2.0735;5.80580002472e-05;0.0137835136388;0.0256149183201;0.0531125331367;
1685.5514;2.0734;5.80552002472e-05;0.0137837875626;0.0256158335402;0.0531118692623;
1687.6247;2.0733;5.80524002472e-05;0.0137840606766;0.0256167460571;0.0531111996001;
1689.698;2.0733;5.80524002472e-05;0.013784333;0.0256176558907;0.0531130859581;
1691.7712;2.0732;5.80496002471e-05;0.0137846045254;0.0256185631047;0.0531124050286;
1693.8444;2.0732;5.80496002471e-05;0.0137848752716;0.0256194676743;0.0531142803823;
1695.9175;2.0731;5.80468002471e-05;0.0137851452313;0.0256203696624;0.0531135883471;
1697.9905;2.073;5.80440002471e-05;0.01378541441;0.0256212690439;0.053112890728;
1700.0635;2.073;5.80440002471e-05;0.0137856828263;0.0256221658375;0.0531147497812;
1702.1364;2.0729;5.80412002471e-05;0.0137859504726;0.0256230601049;0.0531140412915;
1704.2093;2.0729;5.80412002471e-05;0.0137862173672;0.0256239518207;0.0531158897292;
1706.2821;2.0728;5.80384002471e-05;0.0137864835025;0.0256248410459;0.0531151705199;
1708.3549;2.0728;5.80384002471e-05;0.0137867488966;0.0256257277548;0.0531170084901;
1710.4276;2.0727;5.80356002471e-05;0.0137870135418;0.0256266120076;0.0531162787082;
1712.5003;2.0727;5.80356002471e-05;0.013787277456;0.0256274937786;0.0531181063548;
1714.5729;2.0726;5.80328002471e-05;0.0137875406313;0.0256283731272;0.0531173661435;
1716.6454;2.0725;5.80300002471e-05;0.0137878030728;0.0256292500274;0.0531166206818;
1718.7179;2.0725;5.80300002471e-05;0.0137880647982;0.0256301244957;0.0531184330174;
1720.7903;2.0724;5.8027200247e-05;0.0137883257994;0.0256309965908;0.0531176773347;
1722.8627;2.0724;5.8027200247e-05;0.0137885860939;0.0256318662861;0.0531194796912;
1724.935;2.0723;5.8024400247e-05;0.0137888456738;0.0256327336396;0.0531187139214;
1727.0073;2.0723;5.8024400247e-05;0.0137891045563;0.0256335986248;0.0531205064302;
1729.0795;2.0722;5.8021600247e-05;0.0137893627335;0.025634461299;0.0531197307038;
1731.1517;2.0722;5.8021600247e-05;0.0137896202223;0.0256353216354;0.0531215134929;
1733.2238;2.0721;5.8018800247e-05;0.0137898770147;0.0256361796907;0.0531207279372;
1735.2959;2.0721;5.8018800247e-05;0.0137901331276;0.0256370354381;0.0531225011312;
1737.3679;2.072;5.8016000247e-05;0.0137903885529;0.0256378889335;0.0531217058703;
1739.4399;2.072;5.8016000247e-05;0.0137906433072;0.0256387401501;0.0531234695909;
1741.5119;2.072;5.8016000247e-05;0.0137908973949;0.0256395891432;0.0531252287046;
1743.5838;2.0719;5.8013200247e-05;0.0137911508076;0.0256404359267;0.0531244191966;
1745.6557;2.0719;5.8013200247e-05;0.013791403562;0.0256412804735;0.053126169013;
1747.7275;2.0718;5.8010400247e-05;0.0137916556497;0.0256421228381;0.053125350096;
1749.7993;2.0718;5.8010400247e-05;0.013791907087;0.0256429629932;0.0531270907293;
1751.871;2.0717;5.8007600247e-05;0.0137921578658;0.025643800993;0.0531262625171;
1753.9427;2.0717;5.8007600247e-05;0.0137924080021;0.0256446368098;0.0531279940789;
1756.0143;2.0716;5.8004800247e-05;0.0137926574876;0.0256454704974;0.0531271566825;
1758.0859;2.0716;5.8004800247e-05;0.0137929063385;0.0256463020282;0.0531288792816;
1760.1575;2.0716;5.8004800247e-05;0.0137931545583;0.0256471314551;0.0531305975225;
1762.229;2.0715;5.80020002469e-05;0.0137934021388;0.0256479587908;0.0531297466351;
1764.3005;2.0715;5.80020002469e-05;0.0137936490957;0.0256487840073;0.053131456071;
1766.3719;2.0714;5.79992002469e-05;0.0137938954207;0.025649607157;0.053130596265;
1768.4433;2.0714;5.79992002469e-05;0.0137941411294;0.0256504282121;0.0531322969985;
1770.5146;2.0713;5.79964002469e-05;0.0137943862135;0.0256512472245;0.053131428376;
1772.5859;2.0713;5.79964002469e-05;0.0137946306883;0.0256520641662;0.0531331205073;
1774.6572;2.0713;5.79964002469e-05;0.0137948745573;0.0256528790886;0.0531348084561;
1776.7284;2.0712;5.79936002469e-05;0.0137951178122;0.0256536920031;0.0531339268768;
1778.7996;2.0712;5.79936002469e-05;0.0137953604681;0.0256545028818;0.0531356063687;
1780.8707;2.0711;5.79908002469e-05;0.0137956025167;0.0256553117752;0.0531347162177;
1782.9418;2.0711;5.79908002469e-05;0.0137958439731;0.0256561186554;0.0531363873473;
1785.0129;2.0711;5.79908002469e-05;0.0137960848406;0.0256569235726;0.0531380544112;
1787.0839;2.071;5.79880002469e-05;0.0137963251106;0.0256577265375;0.0531371516593;
1789.1549;2.071;5.79880002469e-05;0.0137965647982;0.0256585275221;0.0531388104982;
1791.2258;2.0709;5.79852002469e-05;0.0137968038948;0.0256593265758;0.0531378994058;
1793.2967;2.0709;5.79852002469e-05;0.0137970424153;0.0256601236705;0.0531395501092;
1795.3676;2.0709;5.79852002469e-05;0.0137972803628;0.0256609188553;0.0531411968575;
1797.4384;2.0708;5.79824002469e-05;0.0137975177287;0.0256617121405;0.0531402735006;
1799.5092;2.0708;5.79824002469e-05;0.0137977545276;0.0256625034978;0.0531419122432;
1801.58;2.0708;1.37424000585e-05;0.0137537507625;0.0256632929757;0.0531435470941;
1805.3599;3.7799;0.0;0.0136485877776;0.0255167706916;0.0964508415373;
1807.25;1.8901;0.0;0.0135962930454;0.0251681058789;0.0475702369217;
1809.1401;1.8901;0.0;0.0135441475791;0.0249955141858;0.0472440213626;
1811.3672;2.2271;0.0;0.0134828826276;0.0248239381629;0.0552853926826;
1813.5768;2.2096;0.0;0.0134223088659;0.0246230238373;0.0544070334708;
1815.566;1.9892;0.0;0.0133679664004;0.0244250862465;0.0485863815615;
1817.5552;1.9892;0.0;0.0133137960725;0.024248112071;0.0482343445317;
1819.5444;1.9892;0.0;0.0132597992201;0.0240722650099;0.0478845495577;
1822.0813;2.5369;0.0;0.0131911581927;0.0238975444684;0.0606256805618;
1824.6182;2.5369;0.0;0.0131228030308;0.023676251712;0.0600642829682;
1826.8179;2.1997;0.0;0.0130637828905;0.0234567855747;0.0515978912287;
1829.437;2.6191;0.0;0.0129937692534;0.0232680184388;0.0609412670931;
1831.7507;2.3137;0.0;0.0129321929955;0.0230449651454;0.053319135857;
1833.8607;2.11;0.0;0.0128762591183;0.0228495776269;0.0482126087928;
1835.9707;2.11;0.0;0.0128205275075;0.022672731759;0.0478394640116;
1837.8574;1.8867;0.0;0.012770874947;0.0224971298635;0.0424453349135;
1839.7441;1.8867;0.0;0.0127213844733;0.0223411908205;0.042151124721;
1841.6308;1.8867;0.0;0.0126720561221;0.0221862382223;0.0418587756541;
1844.1228;2.492;0.0;0.0126071164963;0.0220322678793;0.0549044115552;
1846.4996;2.3768;0.0;0.0125454483397;0.0218302927187;0.0518862397338;
1848.6999;2.2003;0.0;0.0124885972007;0.0216392541542;0.0476128509156;
1850.9002;2.2003;0.0;0.0124319657019;0.0214637959614;0.0472267902539;
1853.0942;2.194;0.0;0.012375714907;0.0212896438337;0.0467094785712;
1855.2882;2.194;0.0;0.0123196815134;0.0211172836961;0.0463313204292;
1857.222;1.9338;0.0;0.012270484429;0.0209462058625;0.0405057728968;
1859.1558;1.9338;0.0;0.0122214552707;0.0207965076997;0.0402162865897;
1861.0896;1.9338;0.0;0.0121725935515;0.0206477929798;0.0399287020642;
1863.0234;1.9338;0.0;0.0121238987578;0.0205000557767;0.039643007861;
1864.9572;1.9338;0.0;0.0120753703522;0.0203532901122;0.0393591924191;
1867.2843;2.3271;0.0;0.0120171719343;0.0202074899682;0.047024849905;
1869.6114;2.3271;0.0;0.0119592128111;0.0200332483928;0.0466193723349;
1871.9385;2.3271;0.0;0.011901491961;0.0198603865996;0.0462171056559;
1874.2656;2.3271;0.0;0.0118440083404;0.0196888940196;0.045818025273;
1876.5927;2.3271;0.0;0.0117867608908;0.0195187600873;0.0454221065992;
1878.9198;2.3271;0.0;0.0117297485449;0.0193499742617;0.0450293251045;
1881.2469;2.3271;0.0;0.0116729702319;0.0191825260445;0.0446396563581;
1884.0702;2.8233;0.0;0.0116043682492;0.0190164049961;0.0536890162254;
1886.584;2.5138;0.0;0.0115435903506;0.0188165431395;0.0473010261441;
1888.8507;2.2667;0.0;0.0114890292723;0.01864025601;0.0422518682978;
1891.1174;2.2667;0.0;0.0114346859397;0.0184826260859;0.041894568549;
1893.3841;2.2667;0.0;0.0113805594099;0.0183262138363;0.0415400289028;
1895.6508;2.2667;0.0;0.0113266487574;0.0181710100764;0.0411882285402;
1897.9175;2.2667;0.0;0.0112729530751;0.0180170057286;0.0408391468849;
1900.1842;2.2667;0.0;0.0112194714767;0.017864191826;0.0404927636121;
1902.4509;2.2667;0.0;0.0111662030966;0.0177125595154;0.0401490586536;
1904.7176;2.2667;0.0;0.0111131470919;0.0175621000586;0.0398080122028;
1906.8484;2.1308;0.0;0.0110634708605;0.0174128048336;0.0371032045394;
1909.6518;2.8034;0.0;0.0109983595225;0.0172735310695;0.0484246170001;
1912.4341;2.7823;0.0;0.010934057047;0.0170917322191;0.0475543265531;
1914.5406;2.1065;0.0;0.0108856113184;0.0169130269633;0.0356272912981;
1917.0957;2.5551;0.0;0.0108270669951;0.0167789385403;0.0428718658643;
1919.6329;2.5372;0.0;0.0107691946812;0.016617529161;0.0421619949874;
1921.7074;2.0745;0.0;0.0107220879469;0.0164586508986;0.0341434712891;
1923.7819;2.0745;0.0;0.0106751538333;0.0163298260811;0.0338762242051;
1926.8554;3.0735;0.0;0.010605873817;0.0162019186403;0.0497965969409;
1929.1344;2.279;0.0;0.0105547816153;0.0160139260716;0.0364957375173;
1931.9898;2.8554;0.0;0.0104910262404;0.0158759082823;0.0453320685093;
1934.8452;2.8554;0.0;0.0104275938876;0.0157044240759;0.0448424125064;
1937.1223;2.2771;0.0;0.0103772648125;0.0155346263638;0.0353738976929;
1939.2724;2.1501;0.0;0.0103299353709;0.0154004848648;0.0331125825079;
1941.4225;2.1501;0.0;0.0102827874395;0.0152748077481;0.0328423641392;
1943.5726;2.1501;0.0;0.010235820599;0.0151500655048;0.032574155842;
1946.4565;2.8839;0.0;0.0101730674585;0.0150262522372;0.0433342088267;
1948.8735;2.417;0.0;0.0101207454905;0.0148615248247;0.0359203055014;
1951.121;2.2475;0.0;0.0100723038957;0.0147247933869;0.0330939731371;
1953.3685;2.2475;0.0;0.0100240582465;0.0145987007955;0.0328105800379;
1955.616;2.2475;0.0;0.00997600812057;0.0144735950205;0.0325294048085;
1958.5338;2.9178;0.0;0.00991388116173;0.0143494696467;0.041868882535;
1961.4516;2.9178;0.0;0.00985208230131;0.0141896814031;0.041402652398;
1965.1743;3.7227;0.0;0.00977365388118;0.0140315223522;0.0522351482607;
1968.897;3.7227;0.0;0.00969575658866;0.0138319333803;0.051492138395;
1972.5276;3.6306;0.0;0.00962030266186;0.0136349484689;0.0495030439112;
1975.4988;2.9712;0.0;0.00955896312862;0.0134453342974;0.0399487772644;
1978.1776;2.6788;0.0;0.00950396203275;0.0132920550422;0.0356067570472;
1980.7049;2.5273;0.0;0.00945232776833;0.0131552758136;0.0332473285638;
1983.1371;2.4322;0.0;0.00940286858957;0.0130274389458;0.031685337004;
1985.5427;2.4056;0.0;0.0093541708314;0.0129055050002;0.0310454828284;
1987.9483;2.4056;0.0;0.00930569071126;0.0127859437953;0.0307578663941;
1990.3539;2.4056;0.0;0.00925742775973;0.0126674058975;0.0304727116271;
1993.4739;3.12;0.0;0.0091951135363;0.0125498841183;0.0391556384492;
1996.5939;3.12;0.0;0.00913316293992;0.012398863838;0.0386844551744;
1999.7139;3.12;0.0;0.00907157491754;0.0122495266605;0.0382185231808;
2002.8339;3.12;0.0;0.00901034840179;0.012101857102;0.0377577941581;
2005.9539;3.12;0.0;0.00894948230919;0.0119558397507;0.0373022200221;
2009.6613;3.7074;0.0;0.00887758446534;0.0118114592634;0.0437898040733;
2013.3687;3.7074;0.0;0.00880619229157;0.0116419102841;0.0431612181871;
2017.0761;3.7074;0.0;0.0087353038694;0.0114746270905;0.0425410324751;
2020.7835;3.7074;0.0;0.00866491723744;0.0113095842782;0.0419291527531;
2024.4909;3.7074;0.0;0.00859503038926;0.0111467565606;0.0413254852727;
2028.1983;3.7074;0.0;0.00852564127153;0.0109861187652;0.04072993671;
2031.9057;3.7074;0.0;0.0084567477826;0.0108276458322;0.0401424141584;
2035.6131;3.7074;0.0;0.0083883477715;0.0106713128136;0.0395628251251;
2039.3205;3.7074;0.0;0.00832043903715;0.0105170948725;0.0389910775304;
2043.0279;3.7074;0.0;0.00825301932796;0.0103649672844;0.0384270797103;
2046.7353;3.7074;0.0;0.00818608634169;0.0102149054382;0.0378707404217;
2050.4427;3.7074;0.0;0.00811963772556;0.0100668848382;0.0373219688493;
2054.1501;3.7074;0.0;0.00805367107661;0.00992088110665;0.0367806746148;
2057.8575;3.7074;0.0;0.00798818394223;0.00977686998645;0.0362467677878;
2061.5649;3.7074;0.0;0.00792317382089;0.00963482734466;0.0357201588976;
2065.2723;3.7074;0.0;0.00785863816312;0.00949472917593;0.0352007589468;
2068.9797;3.7074;0.0;0.00779457437251;0.00935655160633;0.0346884794253;
2072.6871;3.7074;0.0;0.00773097980693;0.00922027089735;0.0341832323248;
2076.3945;3.7074;0.0;0.00766785177986;0.00908586345008;0.0336849301548;
2080.1019;3.7074;0.0;0.00760518756177;0.00895330580942;0.0331934859578;
2083.8093;3.7074;0.0;0.00754298438167;0.00882257466836;0.0327088133255;
2087.5167;3.7074;0.0;0.00748123942866;0.00869364687236;0.0322308264146;
2091.2241;3.7074;0.0;0.00741994985356;0.00856649942359;0.031759439963;
2094.9315;3.7074;0.0;0.00735911277063;0.0084411094852;0.0312945693054;
2098.6389;3.7074;0.0;0.00729872525926;0.00831745438556;0.030836130389;
2102.3463;3.7074;0.0;0.00723878436579;0.00819551162228;0.0303840397884;
2106.0537;3.7074;0.0;0.00717928710522;0.00807525886629;0.0299382147209;
2109.7611;3.7074;0.0;0.00712023046307;0.00795667396563;0.0294985730602;
2113.4685;3.7074;0.0;0.00706161139716;0.00783973494923;0.0290650333508;
2117.1759;3.7074;0.0;0.0070034268394;0.00772442003044;0.0286375148208;
2120.8833;3.7074;0.0;0.00694567369762;0.00761070761046;0.028215937395;
2124.5907;3.7074;0.0;0.00688834885731;0.00749857628158;0.0278002217063;
2128.2981;3.7074;0.0;0.00683144918346;0.00738800483022;0.0273902891076;
2132.0055;3.7074;0.0;0.00677497152224;0.00727897223981;0.0269860616819;
2135.7129;3.7074;0.0;0.00671891270278;0.00717145769349;0.0265874622529;
2139.4203;3.7074;0.0;0.00666326953887;0.00706544057661;0.0261944143937;
2143.1277;3.7074;0.0;0.00660803883057;0.006960900479;0.0258068424358;
2146.8351;3.7074;0.0;0.00655321736594;0.00685781719715;0.0254246714767;
2150.5425;3.7074;0.0;0.00649880192257;0.00675617073609;0.025047827387;
2154.2499;3.7074;0.0;0.0064447892692;0.00665594131118;0.0246762368171;
2157.9573;3.7074;0.0;0.0063911761672;0.00655710934961;0.0243098272027;
2161.6647;3.7074;0.0;0.00633795937209;0.0064596554918;0.0239485267703;
2165.3721;3.7074;0.0;0.00628513563501;0.00636356059262;0.0235922645411;
2169.0795;3.7074;0.0;0.00623270170408;0.00626880572234;0.023240970335;
2172.7869;3.7074;0.0;0.00618065432579;0.00617537216755;0.022894574774;
2176.4943;3.7074;0.0;0.00612899024632;0.00608324143179;0.0225530092842;
2180.2017;3.7074;0.0;0.00607770621284;0.00599239523609;0.0222162060983;
2183.9091;3.7074;0.0;0.00602679897471;0.00590281551929;0.0218840982562;
2187.6165;3.7074;0.0;0.0059762652847;0.00581448443832;0.0215566196066;
2191.3239;3.7074;0.0;0.00592610190015;0.00572738436819;0.0212337048066;
2195.0313;3.7074;0.0;0.00587630558405;0.00564149790192;0.0209152893216;
2198.7387;3.7074;0.0;0.00582687310613;0.00555680785035;0.0206013094244;
2202.4461;3.7074;0.0;0.00577780124388;0.00547329724179;0.0202917021942;
2206.1535;3.7074;0.0;0.00572908678352;0.00539094932152;0.0199864055146;
2209.8609;3.7074;0.0;0.00568072652097;0.00530974755119;0.0196853580713;
2213.5683;3.7074;0.0;0.00563271726274;0.00522967560817;0.0193884993497;
2217.2757;3.7074;0.0;0.00558505582678;0.00515071738469;0.019095769632;
2220.9831;3.7074;0.0;0.00553773904332;0.0050728569869;0.0188071099932;
2224.6905;3.7074;0.0;0.00549076375566;0.00499607873394;0.0185224622982;
2228.3979;3.7074;0.0;0.00544412682092;0.00492036715672;0.0182417691968;
2232.1053;3.7074;0.0;0.00539782511075;0.00484570699682;0.01796497412;
2235.8127;3.7074;0.0;0.00535185551198;0.00477208320516;0.0176920212748;
2239.5201;3.7074;0.0;0.00530621492733;0.00469948094065;0.0174228556394;
2243.2275;3.7074;0.0;0.00526090027596;0.00462788556877;0.0171574229577;
2247.5966;4.3691;0.0;0.0052078788687;0.00455728266007;0.0199112236701;
2251.9657;4.3691;0.0;0.00515530146805;0.00447528201976;0.0195529546725;
2256.3348;4.3691;0.0;0.00510316312118;0.00439461876526;0.0192005288473;
2260.7039;4.3691;0.0;0.00505145891121;0.00431527032188;0.0188538475633;
2265.073;4.3691;0.0;0.00500018395824;0.00423721449682;0.0185128138581;
2269.4421;4.3691;0.0;0.00494933342025;0.0041604294751;0.0181773324197;
2273.8112;4.3691;0.0;0.00489890249401;0.00408489381544;0.017847309569;
2278.1803;4.3691;0.0;0.00484888641588;0.00401058644595;0.017522653241;
2282.5494;4.3691;0.0;0.00479928046256;0.00393748665981;0.0172032729654;
2286.9185;4.3691;0.0;0.00475007995176;0.00386557411082;0.0168890798476;
2291.2876;4.3691;0.0;0.00470128024279;0.00379482880888;0.0165799865489;
2295.6567;4.3691;0.0;0.00465287673717;0.00372523111543;0.0162759072664;
2300.0258;4.3691;0.0;0.00460486487908;0.00365676173881;0.015976757713;
2304.3949;4.3691;0.0;0.00455724015583;0.0035894017296;0.0156824550968;
2308.764;4.3691;0.0;0.00450999809824;0.00352313247593;0.0153929181006;
2313.1331;4.3691;0.0;0.004463134281;0.00345793569869;0.0151080668612;
2317.5022;4.3691;0.0;0.00441664432298;0.00339379344683;0.0148278229486;
2321.8713;4.3691;0.0;0.00437052388744;0.00333068809253;0.0145521093451;
2326.2404;4.3691;0.0;0.00432476868229;0.00326860232645;0.0142808504245;
2330.6095;4.3691;0.0;0.00427937446021;0.0032075191529;0.0140139719309;
2334.9786;4.3691;0.0;0.00423433701884;0.00314742188511;0.0137514009582;
2339.3477;4.3691;0.0;0.00418965220084;0.00308829414037;0.0134930659287;
2343.7168;4.3691;0.0;0.00414531589395;0.00303011983532;0.0132388965725;
2348.0859;4.3691;0.0;0.00410132403104;0.00297288318118;0.0129888239069;
2352.455;4.3691;0.0;0.00405767259008;0.00291656867898;0.0127427802153;
2356.8241;4.3691;0.0;0.00401435759415;0.00286116111488;0.012500699027;
2361.1932;4.3691;0.0;0.00397137511132;0.00280664555549;0.0122625150965;
2365.5623;4.3691;0.0;0.00392872125462;0.00275300734318;0.0120281643831;
2369.9314;4.3691;0.0;0.00388639218191;0.00270023209149;0.0117975840309;
2374.3005;4.3691;0.0;0.00384438409575;0.00264830568054;0.0115707123488;
2378.6696;4.3691;0.0;0.00380269324322;0.00259721425248;0.0113474887905;
2383.0387;4.3691;0.0;0.00376131591578;0.00254694420698;0.0111278539347;
2387.4078;4.3691;0.0;0.00372024844906;0.0024974821968;0.010911749466;
2391.7769;4.3691;0.0;0.00367948722264;0.00244881512333;0.0106991181553;
2396.146;4.3691;0.0;0.00363902865984;0.00240093013225;0.0104899038408;
2400.5151;4.3691;0.0;0.00359886922744;0.00235381460923;0.0102840514092;
